image: uda_world.pgm
resolution: 0.050000
origin: [-4.886732, -7.882363, 0.000000]
negate: 0
occupied_thresh: 0.65
free_thresh: 0.196

